10
72 100
20 2 3 1 5 4 1 3 6 1 2 1 2 1 3 2 4 1 4 2 1 3 1 1 2 2 1 1 5 1 6 2 2 1 1 1 1 4 2 4 3 1 2 1 2 1 3 2 1 1 4 3 2 1 1 2 1 3 1 2 2 5 3 1 3 3 1 1 2 1 1 2 
35 15
12 15
66 62
3 13
17 33
1 31
17 13
21 22
52 48
48 7
40 46
1 48
70 51
12 5
6 10
1 51
38 41
29 47
70 7
31 11
60 43
46 65
1 6
29 31
35 68
1 25
15 25
11 58
27 44
35 6
5 56
25 48
1 9
60 58
68 6
12 9
38 56
29 61
1 8
62 44
55 19
9 26
1 55
16 38
6 53
21 15
1 55
9 51
61 40
66 41
3 62
43 38
22 33
62 20
1 64
6 27
12 29
38 1
6 38
65 31
40 52
45 24
61 9
10 63
1 31
35 60
11 66
19 69
31 27
64 54
38 33
5 65
40 45
1 70
19 31
43 31
1 9
40 5
31 8
3 27
31 6
62 46
16 21
1 2
72 11
14 65
1 31
31 8
1 60
68 47
40 45
47 39
54 40
63 17
64 19
40 15
1 25
35 32
54 10
20 1
51 100
28 2 5 1 3 1 1 5 2 2 2 4 2 4 13 1 1 6 3 4 2 1 1 1 3 1 4 1 6 5 6 2 4 1 2 1 3 3 4 4 3 1 3 5 2 10 2 3 4 2 3 
45 15
33 38
49 10
17 40
46 7
34 46
17 51
29 11
1 34
15 32
18 3
1 30
1 25
46 41
49 51
5 20
3 49
31 25
36 44
3 12
33 31
15 13
27 44
14 11
17 51
46 2
25 42
1 24
17 33
1 27
15 38
49 31
36 21
1 31
51 43
18 5
25 47
8 51
1 49
39 27
1 18
8 17
29 48
15 51
1 34
51 18
31 46
34 50
1 27
15 18
27 8
15 39
30 44
14 15
1 29
37 40
1 50
40 43
30 48
44 39
1 5
34 5
34 50
29 15
37 49
41 39
46 8
47 11
42 2
1 37
14 3
15 43
35 20
35 46
37 29
51 33
34 9
34 20
31 29
46 11
15 50
46 12
34 8
7 30
1 19
45 39
17 33
17 37
1 15
32 18
17 20
48 12
5 1
1 15
42 1
36 18
1 27
1 19
37 1
11 18
53 100
22 3 5 2 2 1 3 1 2 2 5 1 1 1 4 6 2 4 1 1 3 3 2 3 2 1 5 4 1 1 1 5 3 4 3 1 2 3 5 1 2 2 1 2 1 3 1 4 6 1 2 1 3 
28 51
47 32
40 34
48 41
1 9
26 20
10 5
43 46
21 42
21 16
1 31
16 44
52 49
27 18
34 2
39 46
31 43
38 8
1 33
5 22
3 6
10 31
49 15
33 12
14 52
40 2
1 26
11 21
18 50
3 32
44 32
11 4
49 11
32 22
33 44
1 48
11 8
8 1
16 10
1 26
1 23
52 11
11 28
43 52
8 24
32 5
53 41
16 27
32 38
52 49
32 35
40 32
1 32
1 28
15 46
46 22
3 26
18 35
1 47
46 5
1 29
11 7
13 16
38 25
38 37
46 10
26 40
1 41
39 1
32 48
24 8
3 7
29 43
1 33
44 27
11 43
34 17
38 42
3 53
26 3
38 46
44 36
34 31
12 38
39 44
1 33
28 8
10 49
3 43
16 9
39 16
33 5
1 46
51 12
46 11
3 27
46 26
15 29
6 7
6 3
70 100
23 1 1 1 4 6 2 1 1 2 1 3 6 2 2 1 1 3 1 2 3 3 1 2 1 1 2 1 1 3 3 6 1 1 1 1 1 2 1 2 3 1 6 1 6 1 1 1 2 3 1 3 1 2 1 1 2 2 3 5 2 1 2 3 4 1 1 1 1 4 
17 70
1 56
60 2
33 19
13 43
5 64
1 6
5 45
60 2
18 54
33 43
60 36
49 24
1 21
59 54
27 21
2 28
32 59
32 7
12 18
18 13
30 22
1 2
1 64
42 5
7 31
64 6
13 62
27 58
26 12
1 52
27 43
27 21
32 42
22 49
1 41
42 36
42 58
6 56
57 68
65 32
43 56
1 2
31 6
27 46
6 41
13 46
13 49
10 20
43 56
13 50
37 60
14 50
18 13
5 52
31 36
60 4
13 32
6 1
28 4
31 65
42 25
1 40
1 57
1 48
47 10
69 70
67 52
20 1
49 38
2 20
1 58
5 2
1 26
70 1
60 36
42 14
42 17
15 25
44 54
13 48
31 1
49 69
13 25
45 33
59 11
46 34
49 26
26 42
65 11
45 63
1 18
45 32
70 18
45 46
12 42
61 49
22 31
29 41
70 30
71 100
19 6 1 1 3 1 2 1 3 1 4 1 2 4 1 1 1 1 1 3 5 1 1 2 1 4 6 2 2 1 2 1 1 1 3 6 3 2 2 2 1 1 1 2 2 1 1 4 1 3 5 2 1 1 2 4 1 1 2 3 4 4 1 1 3 5 2 1 2 2 1 
42 34
27 48
42 21
11 56
24 61
2 3
18 49
14 45
1 56
51 34
51 26
68 21
1 42
41 1
26 11
46 2
28 41
14 65
5 51
55 68
13 68
50 10
36 66
48 70
1 56
2 60
38 50
27 18
5 48
66 40
63 54
1 19
27 2
50 65
20 67
62 24
61 18
2 26
1 71
1 42
20 44
29 68
54 35
41 28
2 62
49 24
21 69
41 31
10 34
12 65
14 30
31 66
2 45
27 7
31 9
54 68
30 27
36 71
54 68
71 37
41 33
2 41
30 37
31 39
2 62
21 57
71 3
27 33
55 59
2 65
51 21
1 44
36 2
38 27
50 42
62 11
54 40
31 1
1 19
60 55
46 12
36 51
31 20
68 25
30 52
5 33
9 2
2 41
53 52
21 71
44 66
13 41
27 57
19 39
28 61
50 56
36 47
62 9
11 48
67 35
56 100
28 1 4 2 5 1 6 1 1 3 3 3 6 2 2 2 2 1 2 2 3 5 2 5 1 1 3 2 1 2 2 2 1 1 7 6 1 1 3 6 1 2 1 4 1 6 3 1 1 3 6 1 2 3 1 6 
1 40
49 6
24 14
42 38
5 35
36 10
5 51
1 7
54 42
1 19
1 32
36 48
44 39
13 5
31 40
38 22
35 20
46 35
31 50
36 51
36 24
51 24
56 13
56 24
10 14
56 49
31 10
48 54
11 50
30 44
19 37
1 3
1 15
40 51
36 29
7 3
31 21
13 39
32 12
30 5
35 47
2 46
1 27
26 55
51 38
7 35
19 31
1 50
1 51
38 26
13 28
15 21
1 48
35 56
22 44
39 37
51 14
46 17
38 39
46 33
46 3
16 25
50 30
36 47
19 56
23 10
40 39
15 36
38 1
11 13
5 25
22 12
1 19
1 46
35 13
13 5
36 46
43 27
3 1
1 48
13 44
10 11
1 46
40 41
15 22
17 45
25 18
15 44
53 49
47 7
4 33
46 11
13 27
7 40
46 6
13 1
32 40
1 35
15 45
44 16
85 100
14 1 1 1 2 1 1 1 1 4 1 1 1 1 3 3 2 1 1 1 1 5 1 2 1 3 1 1 3 1 2 1 2 2 1 2 2 3 1 1 2 1 1 3 3 1 1 1 3 6 4 1 5 3 3 3 1 5 3 1 3 5 1 3 1 4 6 3 1 1 1 1 1 2 2 4 2 1 1 1 3 1 1 3 1 
51 75
29 46
55 77
77 68
62 10
34 29
40 36
29 46
53 52
1 2
2 24
64 33
36 82
25 58
54 77
68 40
60 35
9 14
25 50
25 56
49 50
44 18
31 62
7 28
35 68
1 16
23 28
1 77
78 26
22 62
49 41
66 15
28 79
72 12
51 59
81 54
4 17
9 22
78 46
44 34
1 84
53 3
68 76
55 58
53 68
25 67
7 68
58 31
73 34
62 59
22 60
67 85
11 45
47 76
81 33
42 7
56 19
78 1
1 7
1 65
73 17
67 76
76 22
38 56
81 72
53 19
1 21
72 7
4 3
81 37
76 7
45 74
1 78
53 66
7 22
23 40
58 4
10 84
66 10
1 13
1 27
81 28
64 4
29 22
26 77
1 84
47 45
47 72
35 61
55 38
15 50
67 59
54 16
42 50
50 52
58 5
51 4
81 67
61 48
70 45
60 100
23 2 4 2 2 7 1 1 4 2 1 2 1 1 1 3 2 2 1 3 1 4 2 1 3 2 2 1 1 3 3 2 3 5 4 6 2 4 4 6 5 6 1 5 2 2 4 3 2 2 4 1 1 2 1 2 5 4 1 3 
1 26
7 35
34 46
40 54
12 28
35 54
47 28
17 47
41 7
41 27
57 22
1 2
47 27
38 27
42 2
17 6
34 4
1 33
4 10
25 6
36 22
1 39
7 31
12 9
35 34
34 51
57 15
41 23
6 16
9 46
57 58
3 25
44 1
36 41
35 6
30 33
44 47
58 12
1 38
52 40
1 9
57 14
2 10
1 6
31 6
1 40
41 56
21 48
2 49
60 20
2 36
1 2
51 8
7 58
24 2
15 40
47 48
52 29
42 8
50 47
10 30
58 38
1 36
1 44
25 30
49 2
3 36
8 7
11 18
44 35
8 24
34 31
31 39
32 1
12 51
8 60
1 34
35 21
22 3
7 1
1 44
30 5
42 31
1 45
58 15
1 7
20 4
38 39
11 58
51 37
54 38
57 55
42 15
27 26
40 41
1 31
50 42
54 27
46 54
24 16
57 100
24 2 4 6 1 1 3 2 2 8 2 3 2 4 3 5 2 1 1 3 2 5 1 1 2 3 2 1 1 1 7 2 4 4 1 6 2 4 1 4 6 2 1 7 1 4 1 5 5 3 5 1 1 1 2 1 3 
29 25
49 9
10 36
32 1
54 53
21 23
36 31
4 29
33 4
5 20
57 53
41 53
41 24
33 31
1 34
46 53
16 32
47 26
1 53
26 33
45 44
20 57
5 41
49 55
40 27
5 20
42 18
1 4
10 50
51 37
7 36
16 38
14 42
42 22
21 57
1 6
21 48
26 2
17 31
44 38
13 45
6 46
38 30
1 53
53 41
40 4
16 18
33 14
10 53
16 32
44 3
29 14
1 46
1 21
34 51
40 48
51 56
53 1
46 10
1 49
29 48
6 52
22 11
47 44
51 5
49 34
16 52
12 10
8 29
18 16
57 22
1 36
31 2
16 21
53 12
7 10
10 32
1 14
53 55
12 44
6 34
38 27
21 14
22 17
36 40
51 48
1 15
31 50
29 41
1 4
5 54
17 3
29 15
44 40
2 31
32 36
36 29
1 26
42 15
3 36
51 100
21 1 3 3 8 3 2 4 5 3 1 7 2 2 4 1 2 3 2 1 1 1 5 2 1 1 2 4 2 5 3 2 2 2 7 2 2 2 5 2 1 2 2 5 5 1 1 1 1 2 2 
12 7
28 39
45 32
31 27
29 51
50 9
10 50
35 5
14 26
17 13
43 5
31 44
39 8
49 16
42 44
27 34
13 5
16 37
5 43
31 22
12 19
48 27
21 28
9 47
35 23
46 39
23 41
15 39
31 5
8 27
24 50
35 37
5 13
29 34
5 29
1 38
18 22
1 29
1 31
1 19
1 43
37 30
43 34
35 15
4 8
28 47
47 18
49 15
24 49
43 24
20 36
39 10
9 23
12 8
23 33
17 7
23 30
16 40
24 27
12 44
5 45
24 35
1 36
1 5
1 49
12 13
4 36
39 28
1 16
42 18
1 13
1 15
9 44
42 18
49 19
19 48
47 48
31 45
6 42
1 48
1 48
14 6
31 46
1 13
42 48
31 40
8 30
49 21
23 3
12 23
35 3
28 4
45 30
24 44
36 49
23 10
18 43
8 36
42 13
48 24